a,a,a,a,a,a,a,a,a,a
0,16,11,15,19,8,2,18,3,18
16,0,13,13,17,2,1,7,2,6
11,13,0,10,5,20,1,10,12,18
15,13,10,0,18,12,2,16,10,8
19,17,5,18,0,8,17,18,14,7
8,2,20,12,8,0,6,7,4,20
2,1,1,2,17,6,0,5,9,12
18,7,10,16,18,7,5,0,13,10
3,2,12,10,14,4,9,13,0,4
18,6,18,8,7,20,12,10,4,0
