a,a,a,a,a,a,a,a,a,a
0,985,947,1620,893,999,1042,87,1329,364
985,0,859,1112,792,1544,1623,1026,986,688
947,859,0,699,422,1434,1718,1426,319,1973
1620,1112,699,0,1258,321,1933,1437,52,1277
893,792,422,1258,0,874,593,222,49,1042
999,1544,1434,321,874,0,1221,647,1128,105
1042,1623,1718,1933,593,1221,0,1011,1544,1216
87,1026,1426,1437,222,647,1011,0,1359,1086
1329,986,319,52,49,1128,1544,1359,0,394
364,688,1973,1277,1042,105,1216,1086,394,0
