a,a,a,a,a,a,a,a,a,a
0,67,98,141,131,69,136,195,114,151
67,0,55,8,78,197,159,84,152,22
98,55,0,192,164,129,161,142,109,2
141,8,192,0,13,192,73,93,160,128
131,78,164,13,0,160,176,24,49,55
69,197,129,192,160,0,93,134,48,156
136,159,161,73,176,93,0,84,53,163
195,84,142,93,24,134,84,0,111,48
114,152,109,160,49,48,53,111,0,70
151,22,2,128,55,156,163,48,70,0
